105.094027
109.767220
102.624112
112.548696
137.516823
103.983497
155.102386
103.963328
107.399941
122.228884
100.980395
105.432902
114.625094
118.360859
104.823181
145.215528
118.410913
102.990352
122.987265
124.760328
105.514460
121.146687
110.246022
115.840427
127.905354
116.121934
101.390830
149.180844
120.709049
133.671196
101.114059
105.125229
109.683875
131.864785
100.377699
105.335221
116.909188
103.324301
105.094027
109.767220
102.624112
112.548696
137.516823
103.983497
155.102386
103.963328
107.399941
122.228884
100.980395
105.432902
114.625094
118.360859
104.823181
145.215528
118.410913
102.990352
122.987265
124.760328
105.514460
121.146687
